(1994)
(1972)
(1974)
(2008)
(1957)
(1993)
(2003)
(1994)
(1966)
(2001)
(1999)
(1994)
(2010)
(1980)
(2002)
(1999)
(1990)
(1975)
(1954)
(1995)
(1997)
(2002)
(1991)
(1946)
(1977)
(1998)
(2019)
(2001)
(1999)
(2014)
(1994)
(1995)
(1962)
(1994)
(2002)
(1985)
(1998)
(1991)
(1936)
(1960)
(2000)
(1931)
(2006)
(2011)
(2014)
(2006)
(1968)
(1988)
(1942)
(1954)
(1988)
(1979)
(1979)
(2019)
(2000)
(1981)
(1940)
(2006)
(2012)
(1957)
(1980)
(2018)
(2008)
(1950)
(1997)
(2018)
(1964)
(2003)
(1957)
(2012)
(2019)
(1984)
(1986)
(2016)
(2017)
(1999)
(1995)
(1981)
(2009)
(1995)
(1963)
(2007)
(1984)
(1983)
(1992)
(2009)
(2019)
(1997)
(1968)
(1971)
(1958)
(2000)
(2018)
(1931)
(2016)
(2004)
(1941)
(2012)
(1987)
(1948)
(1959)
(1971)
(1921)
(2000)
(1952)
(1983)
(1976)
(2001)
(1962)
(2010)
(1973)
(1952)
(1927)
(2011)
(1965)
(1944)
(1960)
(2010)
(1962)
(1989)
(2009)
(1997)
(1995)
(1975)
(1988)
(1985)
(1950)
(1961)
(2005)
(2018)
(2004)
(1997)
(1992)
(1959)
(1985)
(2004)
(1963)
(2001)
(1950)
(1995)
(2006)
(2013)
(2009)
(1988)
(1998)
(1980)
(2007)
(1948)
(1961)
(2005)
(2017)
(1954)
(1925)
(1974)
(2005)
(1957)
(2007)
(2015)
(2010)
(2011)
(1980)
(1996)
(1999)
(1982)
(1993)
(1939)
(1957)
(2015)
(1982)
(2003)
(1957)
(1979)
(1998)
(2003)
(1954)
(1996)
(1949)
(2008)
(1953)
(1978)
(2003)
(2014)
(2019)
(1996)
(2018)
(2009)
(1998)
(1993)
(2014)
(2016)
(2014)
(1966)
(1995)
(2002)
(1942)
(2019)
(1926)
(2010)
(1939)
(1924)
(2013)
(2013)
(2015)
(1975)
(1967)
(1976)
(1986)
(1953)
(2004)
(2007)
(2009)
(1979)
(1959)
(1986)
(2013)
(1989)
(2011)
(2017)
(1966)
(1928)
(1959)
(2004)
(2016)
(2000)
(2015)
(2006)
(1984)
(1976)
(1940)
(1995)
(2001)
(2019)
(1934)
(2012)
(2000)
(2004)
(1984)
(2011)
(2016)
(1987)
(2015)
(1984)
(2013)
(1982)
(1957)
(1992)
(2000)
(1994)
(1966)
(1969)
